[Texte.jpg]
moddate=7cdedbfa0eb2d301
width=100
height=36
text=1;135;5;Texte;Modern No. 20;0.310429,0.093963,0.529918,6.283185;v1,4294967295,4293454056,128.000000,1.000000,0.065421,1.000000,400,256,49152;;
textactive=1
